12345678
123467812345678
123467812345678
123467812345678
123467812345678
123467812345678
123467812345678
123467812345678
123467812345678
123467812345678
123467812345678
123467812345678
123467812345678
123467812345678
123467812345678
123467812345678
123467812345678
123467812345678
123467812345678
123467812345678
123467812345678
123467812345678
123467812345678
123467812345678
123467812345678
123467812345678
123467812345678
123467812345678
123467812345678
123467812345678
123467812345678
123467812345678
123467812345678
123467812345678
123467812345678
123467812345678
123467812345678
123467812345678
123467812345678
123467812345678
123467812345678
123467812345678
123467812345678
123467812345678
123467812345678
123467812345678
123467812345678
123467812345678
123467812345678
123467812345678
123467812345678
123467812345678
123467812345678
123467812345678
123467812345678
123467812345678
123467812345678
123467812345678
123467812345678
123467812345678
123467812345678
123467812345678
123467812345678
123467812345678
123467812345678
123467812345678
123467812345678
123467812345678
123467812345678
123467812345678
123467812345678
123467812345678
123467812345678
123467812345678
123467812345678
123467812345678
123467812345678
123467812345678
123467812345678
123467812345678
123467812345678
123467812345678
123467812345678
123467812345678
123467812345678
123467812345678
123467812345678
123467812345678
123467812345678
123467812345678
123467812345678
123467812345678
123467812345678
123467812345678
123467812345678
123467812345678
123467812345678
123467812345678
123467812345678
123467812345678
123467812345678
123467812345678
123467812345678
123467812345678
123467812345678
123467812345678
123467812345678
123467812345678
123467812345678
123467812345678
123467812345678
123467812345678
123467812345678
123467812345678
123467812345678
123467812345678
123467812345678
123467812345678
123467812345678
123467812345678
123467812345678
123467812345678
123467812345678
1234678
